1.2713128758918089	-6.106030896460354
-0.006537093552424267	-0.0019047008974553137
-0.04367872546474416	0.45687962612581146	-0.1522560216240123	1.2224518283379666	-1.5107248706812015
0.7949023622109053	0.35757981234826275	-24.243101058013963	71.7354412257555	-241.28803048033654	27.53389323812371	202.28941823047091	154.71002551684614	52.443964483683885	-253.31917461255432
0.9034429539036013	0.9472096922284461	7.379759261249767	6.560829178442425	4.52346349401561	7.102783973576693	1.7669277205745724	0.9224889905840987	2.003336920112511
0.284482582072048	-0.22685427230867106	0.16807494008154578	0.09126025185770104	0.04578677653285723	-0.05653793657977335	-0.020787969595312816	-0.0586805477495993	-0.28010779907756955	0.1332758754674579
8.165604895739458	8.921014601924192	3.134308773490191	1.8349628911709157	6.2709101427152945	7.318864288580865	4.6114801430932415	0.5288160706626446	6.971764504769796	1.1261797951547048
2.6569186375427796	0.1907322495413013	2.3341325576831577	1.5196428186142454	2.173533158642726
8.214179569117082	9.321898581286254	5.12622788719853	7.485225912022949	4.490551874546702
-302.1786350457794	421.4287037945181	-125.03751965462305	420.9709066494552	-142.8770569403726	421.04616667062976	-302.67084562832633	420.6847792931053	-135.39049862123068	203.90497564782436
